$ANSIBLE_VAULT;1.1;AES256
65303434613466626562633565343138353832373437323065316561663663613762343537323138
3632346438313832356233643235626666316635616266390a643734666633343030383632323264
33333536666462326236353935373663613866333365373337333030326238326533343562643965
6565346130623763390a643032306234663436396637366661393736346537656663306430636338
31396531653436363133623130323833666236616664383037613032383734666238393565636261
37636635643861623539653437353264343064346262376663356534643361653838353962373563
65633361646165363734616434666432353335666538373161623637336164393835353563666436
38376338333762663462636131663238313930336366643036393861346665656532376266313034
66613537386131636538653133343931373364633761666130653733383233346637653463663836
33343738336139396565326263646137343761323535376466376264653164396431643462333937
34323332666635633539663433383938663639616264383465323730636564376638643636303837
33366536646333373035633338663164316634306634376638653534613363613731353931333532
37656339303532663039626633363165333633373361636365636430303364333964666536623564
62326132303865623864383565633965356234666364316362393139663236323462386337656530
65613037343035663030343362653236353666346232646232346135373961386164306664343439
64613531306539383865356339613564343262616334326438623864643834363439336337356439
33346339363137616136313837376132303861613335623934363864616165336332333161656131
61623132303764373635373062386533636462653062353437356366363337643565363639396235
32393962633963663463623434333530323937323062616330323535626534373236356266343466
32363335313637373938386130663036303336633966663363623065343634626639363136663365
32663965666534303166383566383465666635366138643133646636626137396235383931653330
65653939333930326263356339636464643866626565626238353337623632396630363336396634
66316432646463623538323363336335313336303635333661346534386161353030363738393764
35373062373638646231663864303834343764663331376434616333353564376335323934383736
37653163663963336461376664356136363062366365336535306239393437613638646635393166
66616535623139656265393665326531393163636233383335363738663831386133373766663566
36336336636530343262353234323961663730616663333239666364623864653839343963396266
38366435633064646633316463643539653432343231613065353964323336316362643635353832
36323533613861373966613937633465643039386632336437643566326662353465373233393031
33333937373932626264336436356537623862356565346464306339303162633939343832373631
34336234343432383931323433383766393239336264656535303362633031643734343533316338
62326232623166623837326535633039303538326264343864386537303738646539323861643465
32613639376430366266656262643638336539393439363238303264313863643138326663343935
31303936626565626232363831646561633037316561613631643232643633646135313033643532
34326433333666313138383533336265353763626234613463656337353233303836626232616430
63353164616334633737323962623161366631326666353637316165353931306436353662363633
31366234316536383136323561393231306138626332363439323936356264303638613535656339
32633839323666396137613039613565633739356335653265613765396266663033376462373939
38373635393732376430663962363032313732343164306364643730373534646436386439336334
35643536313666636466666334313032666662623631656631643739623636346438663437646563
37633665656336333961393638353163636430653333363363383630383138623832386430346434
39623736366333616163333962646335316439353937336336303937646139306165623933386165
36356164336438356631393162663064323534663263306239303263636461323335376666646234
64353331323864393733323131323962363836373366303135326664653231653239616530313734
63333138366533323333373363326232643037626362653438653030316537326163353365386434
63313633656335656638353233663465363834306337623965383764306232383631646661326535
32343363663539306162356564613464336562313739323264313930626465333865326265643765
37616131323234623338376532663037623636616562313562663636666333336533373235383733
64343230353166666330623237313631373934653036633130393434353066356266653534356236
61303763663534383938333633356561306262306264323563313035373735393630643866333931
62323266616130316139656536643965613364633466333862383563616664336366633430333538
31663361386262616466646464373334656363626261646365363035646561623632383232383232
65343839613465396130303330616232323664313930663065313761653838636666393963636237
61653865383031386564306664323237383239303335373533313235633862363737623637666637
36306338323431353537633836323466353162616137393739333038316563313766636231346637
37383231313765363239616430643666386364373363366161303532656338616662613561366263
39633737356238393333353163633261343132383739313630373533396636663331643331323164
32383330316266633133626564653132333133343336313036326636663163613133326532323331
37396532303561326137393231396461306135623734643161613764656436653233343363393133
61386163326332316339376163326466323766313336353566643036356562336162323036633337
61623132613937636538363865383461373734626433336235356337336666643734653735653230
34613732313734316431613831333138643965633430323130633764323034633233313932653833
37386163313334386337363830626363323134353534333632363436353336346137373737636430
31323433626361376639393434636461386334333335633066303465373732303566646665643838
62656535393835396138613865646566666232353365306263623561633166626135636162366164
35346137653663656563366530303132393437633566313033316561643038613363663664623136
64336130393839366332356532396665383030306465356366393866636231643665303162376165
38313964343734373763653765356531353665353365386536383235323633373730383164303637
66643466643437646238396331393066366239633631343333363837346637393436366264633833
39306331366333333035306662653335363436643134613163626633666266313266623965376533
61393361396363343630316165653236643532353365343236343637386362643865613164366437
38633034366266353639303233366463396235633764663334306566356138336466663365313563
66393530333365393538383731636137333930613162376130656336323339353062633366343631
30656161636131326364393365663731333531383638316537313363316162633339343064393065
63336137633130333663383434623364353336323939316663646466323139623834363561663234
32356465386362353938326138326538656461393962653263616631373734393732356133386138
63623934653131343861313665363837306338626161316530666330303163396633616433636664
39626234303432386436396335633362326538376366356137623234303938626333326461626362
35626138326331303062356130363633333131373333313363306138633731333235643139383238
63633930323232313733353664316139363230393733643564663833373033323033396263373436
31336563393934396338396130353339376465376136333466373365646564363562336234376535
37633333356639396633393531653163653661643466643066326432663961653432396231376438
31623439366335366431653766336333393461373331646530353632376463323765306537373937
65353735643235376363666635393036363666396332346164306230306637383766353833396538
66663963366632346239393365636136663565353735343561343831623764353561323335393034
64353938613761653635643031653431626664663138653133366261643137666366303961623964
32313739323664376333633461313139666666613638383463363639653063616431633763376136
32323836643661656439
