$ANSIBLE_VAULT;1.1;AES256
35303438656536343030663064313238386263323961323234326665393136613166626464643366
3766363830386135333965623239306233643839623862620a386165313336393665623563393735
31656230376162316335313536363939373732396332623131653735356363633933656465663666
6630623766613161380a366432353261373064323737363637393630383362393164346537383838
34373165326632623231653164633336303466646538346665613663653765373264383566373538
65366338313632616337633735646162623135653836323833373537346130346339623735643136
38613663366536353834666233623065343637343734313765666232316430663839346230363830
66613561393635336561343531623164643833616265333865656139613964636239386134333462
64336264386534663166393835323937373165313866656531623931656336306137313531646364
32373766306665323630343461343534623231303635346462663939663437396366393438373239
65336230306631643339383537373830663964363463383963353233393461633939646133376265
35343664353163653037386637623562323434326131633461303236623962623432653931663937
64303936336635363333383931326365326261636330366237373932653162393835663339343665
36353236396530376339653861383665383036326562623732656264613534646130383634336264
30353838653630646234343265663163663937376230366331323635313239363561363562613636
30346665363961633863326466623834383530633362646363646330383364613733316466333636
39323638643033336262613832623161313639393231653234316237313566633762333332626266
37356336393663333665366432653339386436383266366363363037373430653262386337303435
65653735643834326236353932663632383631656539636232393432616535653337343961616262
30303464666431313839356637303935366433376361643538656138333239366566333863666633
31316335636561303834623731336664326265663034326563623864623666356661383064666238
39303130336566313865306130386232616666343064366539396262323930646335353435353138
38326535343630326338363137616431383939396432356464656436366639613961643430666130
33383062613036393737643831323964633431333263336132336232336239383463643437303263
66306664653663343166633433323333353336393939336362623330636337623438303134626530
61363834643066646362646562663562316239346366643733383765346363373131333164383235
33363565353166363164353735633565616264333364316163663162333961393331383033326434
62356439616430326138383538303365303231643531666435663131616263616536323866313332
61343330316331656662383163396237303464626530656339383664323432623931646661333935
61343130333330353064633634643332383962303536643536323738333334373031616465336632
35646266636337613866316331366638363066656534353932626166396466616534383538636539
62383133383061623761306261353336356262656261353566616566376166633866323332643561
61373034393961373063333661626232626633653238393539623537393431656637366434386235
34383735616330333939326664666536363164353065393863626164366164333765383338313837
64303535623662386436363837343262373366633364646235636335623764343836393863376533
37613030633566396362343233363765633065346365663034646135393962623733353931303666
62303131656534303031353764333930396161326434663935333566613363376138353562656135
31623633343833366135633664363031616130363735373738343463333632336663393364663134
31356330386365656136336561653566623864363038633665343165633636616634353136633664
30656235623633653338613537653739653536613263383936356264643562356232336665666336
37363134656165616564646662316237346432313837306463383261643366633765663537383065
63336332396164663330373863623536343564616364643464653633633439383763636566323834
34323062396432653366356163323966336432353033353764363135373431613061636631306634
37353932383538386263656630643266323334313366353736373439343833626136343833353234
61623466646162616261323761386264366364383237623666616362633035373938373566313234
36393131316638373531633663333039313862353036643435663038336563303330396634383934
32616436316466633263316630363635626261613037633038663165396461343365396162396235
39323535326362376233636638653238373536396162366239376334363235663530666562353164
30643733353235303165393236646166346631313234396662373332363439366239323463336630
39376438363239306235346638366534393431643765353262366339363366366536626664333564
31646466636361663237313235383039616636376262363739656334363838636564393966626633
63616630306236356135323265663835373138303739616333333835343035653730623336626130
36643266346433616535333837306135386163666537666536623561343037313164346232643334
37313865663962653465343435643733653531366338346666346135366363663863306534303834
65383764343534633262356132303565323731653130316163353035376532633362633663613334
63326530343166366630393433383964383363613134646562313666643735663263323635383237
64376339636236383337363266656464393662383666356139346233343136303264343637323036
30383363373066386662373639363539343766346563303965333739633366306139393434656633
64363231633336653064656133623538663233666439636562386565363366613237356637306365
38383362316365343165306463306663633639336534356235653630353230663032323132336532
62386433663030303865303637633832666238306236636334343038666462393363373932613033
64366164376166353939353930366231373536643866613137663931306235666361393164316366
62313366326130306131623037613936306632373639623235646561346533663234653161303332
32646435316239643038613965343765363863346538343533613937643465386338633863613161
35663038366437616336326163303863353736303430373932636233646337636430393038393637
36663232326565303439363564313166333939336238613561366631316537383739626432323039
32303066376335376635393563373863363634653336626636633538356235666565336531663132
64663863653834356535646133646630393038646631396436393261383634666365623132383739
61666131383539303732363933383761636165333830613430613332333666343363313862666130
30326663356633633332366534346532313236613935366234326366373231303933623536646235
38383862336163653136346537653734316133353334393436306232393239313464653265323238
33316330643263653430373664333430356239333832633764346132333639633630313235393335
61333931316137343534316430666631353765323733353263316532366562633139663031383562
62646163383635643032663038613637383236373861366663633133653438623030386234633366
38653433343861656134393466333161633261353131323033376233623037323935393235633566
30623833626365623230646164653931343839393661336636313261646235336134323166346634
65656266353261616333383937323734646634653561343636373361623264653333373731303265
63653531386665643436613637396238663863666636353131336531396333363939396532643535
65353036656339383862333763303438303532663335373066663338356565343635663764343236
31616531363437373666613438363237373761376661663962326239356162306665393032346135
30626335303537343036353565356663383466623133366337353862613564653135393330393137
34666463343461613533306563313964313766343736323435653931353962373737343436303635
33396238343530336330626531646464306539653031303562626538633766333936353666333664
31646631656433353637356436333931326131313562313539346161613033643038666165323261
65666635303439373632343434316534633665643061326537316532323836613439366666346164
39616236333662633062663663393064386166333566383361313533396236643334616538613932
33613039626431326561343830626434303739623362333866623762396165393865373337363434
63613737346433313135
