$ANSIBLE_VAULT;1.1;AES256
33373730313962626432366263313231306430326532326333316235373661306233356136633662
3465373332383033663837613434363963346565373936640a393130656338666636366133386334
32663935663061353230663362376536643433343065346534633261343636313964346361633738
3733393366646263610a383230306534323335386362633032346161303939643234343936343430
62306662656530633662623866393531373433613966303866336263616364383762323935616638
36353034646465393835343831656663336338623763663230323866373366656532363838303830
32623364633039306131373536653564643636656235373261383835393138323862313334333939
34303330323330336436633130393134363934656139626137383366306334653036326437393463
34616364643134353366383933316230326337396239336637623763323030306561386331613931
63363433666532393966376235336431363665623630353436326239323935323335353431336330
31653034623034623963616638646233366435663432326163313137343066376366323162383064
63303862373262636261646139393261396164373336633364333832303861386239386631326233
32663039343165336330646663316533376130663264663836636362613463343765333934373337
32623532623837343936653132663833636431343531346132636631336163663830353235316261
35366339613864613461643436666437343130323265616134373966646132666662323338353362
63353839386639383965653639663738306637346130613166643064366530643434393631316166
62336337646136616338386333663330363934306665343235346132623264623535646632653165
35663133303039626638316135663265643335656435386239323430643739353063356335333062
33643537393237383536656339333166393835333132616435386433316263363136353039303263
39333938376234343238656462323466316536613638313762393261643436333030623166613039
34363932623238643537613464616330333335396364343966303331323264343533386339663639
65323931306261383536353335306561623461303337313639373236326162386165613932643463
39366166353730303562373961333263313438616236356664666162643836306538326664626636
63386131313965393034646436636164636237363732366164353164623139616261386134336330
66626464323465396636323035663862376431626139636135633036393064353536366337346635
65393435666239363162666531333433353430343534353538343365336635636234666131376230
66363536323931663738333763333433326561663634343135623266326439343235666332386330
63646635363864393161646566643865393131656336356364656533393839323135623137396136
31316338613530323231333738353062613334343438363563666562323865663735633166323030
61353432386230336538383862313965333133623535363936303838663862613565643433623836
65323336343532373264386637353065663164393938616362396232363931383165386138623464
32393761663638393765386436353130346139353663643430376162343064323439376139376261
36346535653233616534326665663861303938303764356636376231316435613137363166656664
39383835333532663134346535666237373961386364623034363137643035313335346638363666
37366137376130653232316261393164303461613464333835346263636165363139356139393238
36636230626437393064633035316533353831393133643234653534343062313161366432366138
38356234616538646434653931636562646265313366643638636164363138646138393961656630
64643134643563373462666430343931616564353337656231316264376365376339353065666335
35643636623735303032646534666337376536396562313831303534336530613833336562663437
32313135653562303166353036373934646564396566363963643966376239623663373631353066
35386266616435393230343462363339393765313033326137386361346331663666373631643666
65383732656431623231343737633931333864373137613362306661393932623963616261383661
31323264326131653332306138333362383031636463343932643065383530663531333135373438
37373465313664303162343631333831643134373561663334323132366533373231663737323432
65623564656332666262386436643638303631336234313837613139613036656434306534633034
61623930386462643237633764336430316434616465353433613434353865633862613264353433
30643664623038636330663232643762353866366131653832316565613764343239323335333431
63336436363233646263386439656461383562303462656639343865343035386466633731386266
31656661363762363561396634366138366235393731653065303936633231353561633237666338
38386261323266376331663061663461616661316666613461386162636361663132336331613332
36353563333534623239363433646639643239376535376662356433303864316565643066386263
62666637353766613461333761653536653237373332646137366337386533313563333735313666
31363633663264396538336538333636326165396365653131383339373830663830656332316433
63633330316535303662326561323562396634323838323837326166316538373131323938346265
62343833656662303135346639363736653330643634373239653165383464343837326462343332
33616331613931373230656662326334616362336132366339323631343564346437376463373035
62633330386166333261373233613731633635333466626661303666313530333835373938666338
66643037326364306262353266643136616166323961353064303161396262386566633264636337
33376439643862323431366563373536633365356435313664363565666236333333366137336264
31306231623163383530373030306535303238663766373938336462663735666232396565313166
33323936613461383034393865633162343263666563306362613738643732356237663338626335
38333363386435643230343132663163636431333837616663383335326661343934366634353932
33313162323231303864386137616563613064613730653164623132363966383738663437663030
37396539643334303136336632613963303764363863313738633136393937623233313764396135
33343337343439373564323833356661393862383266663334353163363863343064316664613437
32623534333662306437613337393261316464363464383932363330386466306563316437313764
39623263373665303432346232646661613537643237333466393464643465396534333762343032
62616138383663613262663531323036623330336535613632633532353562616265343134346665
62646166633035373931633836383161633461626134393235636336633133333864616631636431
35386536333062303533383431616234346334623434656135633932663834336437636531303466
30333165653238333665303466323361373563343939376533316663653837353933626462616230
36303036336230623466383039353237353562393932373832636463663835363661613333613431
61666430633837656637613731383165313736373534336338643737633033363732623135396431
61373665393931373366643134396366333434353366633933376533353265643964366135646631
35666138646435376266386165313264616130353538636138616539303035643264306130343936
32363936636133356238613639343034373334633761356561333461353761383262303435386537
63306639393533663633626334623830663066633137396466336462303065626166653236386437
31616364333766633137653562636166656661343236313039653261363435333937623862313638
30323838613333373761393166356366333737636161386335653532383336333739373832633738
31393462613836653263323933396362383237666265303738363530343838636463636232613964
31316239383661636234616362623630656366353731626162333366623463376632613135323938
36663666366338343332613634303163323634323664356235616433353964376331613661396134
37623535343636326536333032666535326134326435323866333338633130336532616234653737
61373933666337616165646339343530666637396161623538346136356264373137343964386432
39323235643362636665646434653235316261306466353236303666663536326530316537383965
63633439353363373734343061386532653436626639613938663064633934626639353530343435
36653735366438306266333534323939333362633562353030306230323936633563643733633234
64336233336537623036
