$ANSIBLE_VAULT;1.1;AES256
34636364383135643939306439643637393066616266393261396530386264663636656663663530
3665646433313162306230616535396237656132303237320a636166626139303962613633623565
65333665333535393631643332393537633838313338386236623834343530346136303335623833
3461336236336336380a386131613863346135396331646163656133366663343162663765336436
65316636313531346166323865613565393266303265633631343362643065353661396238373938
32623739343331643037656638623032646139373231623764643937633438326462616534316535
63616563393264373636373531396562663065333263373464306532356163643561383032643430
38393830376662306437616233663364666231313438636230653661623165343565316361623132
61386663643635343266646337343237653031323066623664383138623361343137303934373466
36633262393633393733636334643062323866623165353561626635616564663031653766643838
39623531656637383536353433383666326463663638353434303831633564616337643361333563
35343037363633613938363335366633393761653865333536626232393337386435363137346634
37333034343439363438393266386263313436613266366436363138666234616566393666363264
61373832666566636362333533316563656365653165383831663461313338366334356561653231
33306539613433356437353436666138643563623966333462356232656339616166646136636636
65653133356538633034393632396530313430343132373064396132623939623336346230613564
64353937653666653765313531356561623437343834363136323733386232313231353739386335
65303761336264623338303030373863376331613630653762333961333230383933646431336466
36323464306438363964396163653934326366626237373537343732396139626664303665343738
35343434393838356636376661333238383361376236353763363437643961346362653233656537
63333364393439396234383935626361666461313535633161313663613232373534363234623335
37666233376431306532616237393635383438376165616462623966353933303631613234323664
64346462643335303833366136303934306131353532373035346261656561316634636363363364
34343438653732623466393438323239326633336535313538636165346662393433656664636330
30393564643135656238373036376434333434313663323066643963616266316233366532393464
34336537613636666235396535656131343164353934303535316133383737313938633238313561
35303365663065643663383862643231393934336565336163363236323730356133633165373262
36633032363334656463396131343935386138663464666566353339376263656638373365313734
65333138393338343536616636353037326561326335326331613739363030616337666561336636
30386364353335393931383631393633356138653139663338333031653831333432323765303731
30393031326233623366326661333262613732656235393464333138383264306334316638643934
37383839613936333130356232643763666463363437656631396135303431613061383431633632
38623861376536333437343434353239323361393163663533613139303836623665353135313335
35666139303738386134613831636539353734313664396361623538323539643438343434326339
31646266643034353061666661613736663132373132363066333134353539383739323962636636
35643766313434323532623965316235653965616164373539613030316638306661343233326565
65316333333362633964366333653336303261373833343532363036396636376262636134396531
64616432643938656461616462636564343264333231613930326135646631393838373066633538
65663966626635313132346335666364316463313261616362663962306535333034363961373431
32626565346538343335356631643330663234376364326666656163356631356438333634656330
62653065656536623265396138336534646364313339386462656534396537643565356433633062
62653635656163623234343238353765663764393962313437623832613731306634393132646263
63323937383232323736613937656364313230353461323737393963363531393433316666303361
37623461633531386532343236313763303666646162646433316533326131333533323234643430
33663635356264613031336232316132643333626231613161346134393634336236363465333563
31306332386365653639313037313565386161333361663430343261353066303461303261373739
62666466663733656262626336656265383966333865393239663637313839653833326365306264
31346233336466316333316164656463343334633636386464623334656662633865386533373139
32393433316666656238383336326262626132613136363133613434613238313732343736346663
65323066656635613465396564396234333330613136396664366531643132626439346661373235
31366330323730333763333632373062643035663938633437656432646633363938633031353330
61616331386533643235356132653832666438363136303138633761643538303532633638376331
39666130663162306363646161343039393262386437346231326338626265373633633262346438
36353866343939303738306363373463323431316633363166326530313636333963353936646132
35316335636336353538383066353331643438656165663136353861333030366462373866333564
37333436653735653966623163363062623836383135373334656266653135663339316262366638
36613262663631356632343136373165373433343731623961356637356139353963646261316430
31636639313166396337363338333166306465663535303164373863623463336430656539343234
66626237303730393830366230653031666332376463326230663662333938376430393463653264
36363265383231626337633335383339633737386664313531616166323332663963386165646630
35333935616435613632633130623931626661616666643965623234316639383763666165613833
62643735663334353363346661346662316136623538633930653035343264626633623738363966
38333735346534636463373635653763323436386661343263343131323038393639633466356362
34383963373233353534663961646237353733363536613531386264636139643739393836343637
35373433306563346235653966353437653931326230316462626436646266343735633636356430
30333466383137653466363031626634383264326335353739373337643364366430656234363134
30313833623238363163306138306539653233306433303031626236303839326431393561313030
39333137623266306431633935336538383863303263613130326639646239646134333361636464
34333262316331613433356262633139613733396630313663306665316166643531656266336139
32363464323262623064306366663931356333313130623834653264303163396430393563623031
36663365343363363730323734313031636631343030346131376131373235653265653733396535
64356634653537363330313437386363386139323935313838313339616466643434323235646535
33356666393663623965333165316431663630663165363336363363316463623337666230623034
61376237343538633339663662623562306261393632646336663630363430656561626263353461
66373562363864353439333662363239303935643261663530636531653337616465346364326534
33313139323436383138313433393463343364663137386465633131363838323662663662343033
31373638386636366462396366653661643466333838363366653234393735303531363963373136
38323965343066643335343839316663376532333566333338393833663864383432623562396133
37306630663732643232336665613162653232363562616135653835376536326233663062613362
62393261366133346561303336623564346537366237386365313136326235656361366236383936
65626461623565656138633031396539386134323930306666363233356663313262356362663134
64373832633831313137343238386436353264343039666263633038346531333263653831653161
39313532363431346137333061383037383561363935633235333530626130383938663361366535
38336163343133643931363362663335666366643432366563623337636433643033333639623461
37313837323434636562643936353233643137663166363838373939386136636331643131646132
32383132616433616532363864623365356562613766303766353965666435373935363034303965
34316466616633373636323537663663343662366537626165323839313735363464626636323237
66316661363037643935
